2.095198238864272589e-01
2.459543677643274973e-01
6.546216583979085346e-01
3.901659041237293124e-01
2.862564042538936704e+00
1.499616166401250172e+00
5.558083190433296572e+00
1.638677434861017357e+00
6.446888464194240775e+00
4.235378729854830659e-01
1.094785021213331877e+00
4.344021808073296742e-01
8.015700251573726121e+00
2.265282498465439165e+00
1.445219122492147346e+00
3.220396673550475208e-01
3.770351641273171239e+00
7.962059236807395024e+00
7.928299561088650860e-01
5.395445231951528919e-01
2.760830904978869071e+00
1.330041556250672219e+00
3.761904892783269005e+00
4.672412558044169995e-01
6.843657047156380457e+00
1.595067828250683051e-01
9.575485736406221804e-01
3.853350246815115288e+00
1.090837860334385567e+00
8.642355385144411262e-01
5.275834828753894534e+00
3.455277588881257689e+00
1.050714508195412122e+00
1.680672856679917615e+00
8.726387543632909694e-01
1.029853854987602846e+00
3.810790728069929578e+00
5.484704508116008626e+00
3.790616152762373403e+00
1.427018260819514772e-01
3.969813511600487566e+00
6.036514267600306738e+00
5.601837932225953054e+00
7.058842426183192131e+00
9.217763385892540073e-01
4.955967078507751644e+00
7.687465347164491591e-01
1.084534350274195091e+00
3.359351201635812911e-01
6.831638748362786728e+00
7.284006226770566528e+00
3.667892755237084357e-02
7.665177560164696535e-01
6.930682755974111320e-01
5.937068421973490828e+00
7.019529264071692864e+00
3.401967830564375017e+00
6.307514173115853495e-01
3.006833906007165824e-01
2.502981442912488141e+00
5.719514965582082056e-01
6.010073689043395007e+00
2.215269746438970344e+00
3.233728434331378798e-01
2.691337645960271807e+00
1.451658027474703072e+00
1.844455099075637428e+00
2.851872876413918068e+00
1.549410948800628685e+00
1.743141656534899830e+00
4.803220881687919608e-01
1.260441821674017859e+00
3.638756967564423128e+00
1.326905772517084081e+00
1.039858706722958548e+00
6.004483566787505389e+00
1.124946793294368641e+00
1.734862927154751100e+00
4.631440887813915275e+00
1.177168472289721102e+00
1.797232071800004993e+00
1.346008026418710202e+00
7.010219398803359425e+00
4.412815637512282230e+00
1.241065595033194580e+00
2.382493531772660322e+00
3.825455457481783839e+00
1.878034221422061112e+00
9.188071421397133731e-01
1.048128826427310045e+01
3.556767290110444790e+00
2.966496795663495778e-01
2.758338542002285010e+01
9.131787617529236734e-01
2.182409481808989526e-01
7.793139320745035015e-01
9.678418300210728020e+00
1.941129438160251297e+00
4.393139077535739290e+00
4.295859054555959844e+00
1.361795066879747829e+00
4.162475327084617760e+00
1.935756378520897769e+00
5.599028967599422479e+00
5.117098324256214026e-01
8.953921609850649332e+00
1.896373841247831760e-01
4.984316286458919443e+00
1.069973607176369079e-01
7.211684616907164669e-01
5.694836878072981889e-01
1.568969251962659239e+00
2.371059025977777512e-01
3.322372037037266246e+00
7.271328670091822488e+00
1.841169338391498655e+00
1.449017071765359210e+00
6.747099189311742684e-01
2.471490261149820622e+00
1.832825555596725442e+00
4.051816569868283979e-01
2.057774637692667774e+00
4.945577951005601491e+00
1.160720711234252134e+00
1.246463913079726460e+01
7.945468508487696369e-01
2.340239269624844187e-01
4.206578343293758404e-02
5.609555932664604949e-01
1.125542064095823802e+00
1.461122023914853685e+00
4.346952673226561537e+00
3.759025470920862588e+00
2.399714761129378537e+00
4.947936006151223864e+00
5.880380575636952323e-02
5.659294818030897289e+00
2.857208499674542157e+00
8.451768133473485989e+00
3.080991987853752612e+00
5.653555758439879675e+00
4.269076861310961313e+00
1.705569268917560777e+00
5.108323151326816802e-01
1.499439865040479158e-01
1.897412606811394245e-02
3.725226510678027125e+00
6.773823161163470274e-01
1.488591931841804161e+00
9.653219023562500389e-01
1.482343099096153916e+00
6.609862169478414984e+00
1.233701026835459513e-01
4.087002865476152991e+00
1.967120907954581499e+00
3.929709990721706458e-01
2.411446175716922102e+00
1.834347485661886878e-01
1.147863960791503501e+01
1.329588327243919954e+00
6.294469488579314209e+00
1.495909369006214185e+00
3.737264687617781966e+00
3.295751787800318855e+00
1.188532287149146049e-01
9.958973104692898648e-01
7.845954438553837118e-01
5.769711299240742886e-01
2.776353423699585488e+00
7.188057608706480139e-02
1.178657588053623195e+00
2.752734292589590348e-01
6.143307370999163908e+00
3.201727874939085616e+00
2.762306765520385898e-01
2.619731226082171105e+01
2.476441888349132014e+01
3.003918937147272672e+01
2.205697362687896756e+01
2.331513525033955503e+01
1.976819162251760531e+01
2.789900316927274559e+01
2.470230964629975290e+01
2.572703118246287701e+01
2.865186271024524700e+01
2.833616842318866702e+01
2.143730498839390819e+01
2.337114789645569246e+01
2.587015896259145720e+01
2.615922000756934906e+01
2.182122083155494607e+01
2.494195474656870459e+01
2.077067334306875068e+01
2.925709353139194491e+01
2.398015828493018375e+01
2.489901000486247540e+01
3.041444295930335784e+01
2.521448011243768406e+01
2.092035685467191897e+01
2.917639277361802286e+01
2.655704912779820859e+01
2.649331318790288492e+01
2.809220406331781916e+01
2.728639577707912878e+01
2.083310442053920042e+01
3.118724682643835067e+01
2.385740651674476709e+01
2.125878449139236537e+01
3.133173400957795707e+01
2.686870736021976924e+01
2.129039356146423501e+01
2.521378488812323582e+01
2.824540884887294112e+01
2.561284398504731286e+01
2.446337934733527320e+01
2.111170828130885013e+01
2.295747693954763236e+01
2.249905676506878294e+01
2.444718349439914462e+01
2.507242677941200171e+01
2.739620105186357435e+01
2.007727537248966598e+01
2.211626398176269603e+01
1.465807490698325921e+01
2.459160075774195420e+01
2.868068580677861945e+01
2.096138676211097973e+01
2.922271527573245464e+01
2.365110961987499749e+01
2.671052050098873565e+01
2.458324335586730314e+01
2.408756309535090523e+01
2.766835254510512598e+01
1.723561877204100767e+01
2.359312435246972228e+01
2.498743223458441776e+01
2.334703030107887045e+01
2.801884267133565132e+01
2.678640079961424902e+01
2.139586786709589816e+01
2.540339081920259190e+01
2.384347419903160414e+01
1.985525332006503518e+01
3.013901339204795704e+01
2.783034529209140828e+01
2.197343759642425809e+01
2.839420897080653461e+01
2.236050273716134740e+01
2.531234108002988137e+01
2.585629520801827397e+01
2.176044932202714577e+01
2.443076750683621512e+01
2.587883722276813714e+01
2.780418324725497570e+01
2.348475174555722589e+01
2.574967081790693157e+01
2.496364622717823423e+01
2.283205847180978409e+01
2.202681644066201727e+01
2.449788327780702701e+01
2.607081796033677534e+01
2.152378067713788568e+01
2.749308746266954273e+01
2.668853637707044513e+01
2.543343921921016104e+01
1.639114345143414653e+01
2.612755270440569078e+01
2.797261716550721644e+01
2.590694921532009332e+01
2.649665348170812962e+01
2.802479368148603811e+01
2.773785869765773882e+01
2.790913179953668433e+01
2.449798647198608847e+01
2.746859393968096086e+01
4.646002047187302963e+01
9.062259114162753093e+00
1.633788471072195421e+02
2.169099082154685831e+01
1.297129508757352445e+00
1.710211377676069588e+01
1.691636228514612412e+02
8.368780396673879807e+01
2.034544925702667229e+02
3.005933670422499659e+01
2.264341009207097244e+01
5.945272041938719809e+01
1.511914117567471294e+02
1.337487047684245489e+01
6.816663388803738144e+01
3.323523797197044871e+01
1.170752434861337399e+01
1.665166595842823227e+01
1.400868213284604913e+01
1.523725606848501357e+01
3.390382201553355657e+01
7.580433192655088526e+00
9.718620415726446993e+01
4.805657225881194705e+01
2.286774233736409556e+01
