1.125165547107475517e+00
7.817750682537574214e-01
3.333525074843517011e+00
5.724743659632117732e-01
3.838520039922115323e-01
1.656600028829425586e+00
1.994966172830995033e-01
1.676608552058640456e+00
3.204478028826887481e+00
2.798536247158295298e-01
5.646702252844176151e+00
3.541567017076463486e+00
1.684419647969942035e+00
4.172413063445351789e+00
2.938670337977244973e+00
2.580618404479725569e+00
1.779371222263279151e+00
5.784030510953753534e+00
5.946698114241646849e+00
1.328389123707105046e+00
2.142650863934679073e+00
1.279381727061877291e-02
1.973501330616592053e+00
1.131880849855428028e+00
1.160431351998889360e+00
1.229075546145112607e+00
6.117084240319032445e-02
7.374895251852387368e+00
1.448386067732528315e-01
5.428763088180033058e-01
5.899720812144333415e-01
2.397866236743066537e+00
9.584662339098314332e-01
3.577824772113813445e+00
1.423044559326289260e+00
4.312432407916246269e-01
1.669709948216626660e+00
2.597025186903837657e+00
1.255893082912081793e+00
1.180010469948087115e+00
8.394269817501386344e-01
7.021217755445039455e-01
6.412705708095030488e+00
2.033863840362031716e+00
4.390581422574180159e-01
1.798290138161983798e+00
6.579049649261777821e-01
3.748360311446086168e+00
4.016635278723743596e+00
1.245181016421200937e+00
8.323199019825233691e-01
9.779962194618914140e-01
2.335395876269545035e+00
1.209372925305914226e+00
2.061899846887925936e+00
1.319340851822071770e+01
1.918118621854890904e+00
2.144560709158186640e+00
6.074915825940412351e-01
3.551106445627087022e-02
3.122389240041069325e+00
8.469318785580908227e-01
4.646984132137148560e-01
8.018046892662179514e-01
2.392071420099025847e+00
5.865843398972827138e+00
4.720696039344375872e-01
6.705177319288504467e-01
6.525476311379504457e-01
5.737369813282300335e+00
6.592521737864505127e+00
1.474511523783205158e+00
7.936445120685666765e-01
3.530336841314659857e+00
9.680404044289904419e+00
4.856937539759942801e+00
5.408781373225107103e+00
1.088185294218897425e+00
2.368716290401961189e+00
1.001843142597113934e+00
1.955426697123911373e+00
4.441530016754940746e+00
4.822393493017270494e+00
5.141014489513962005e-01
4.196944417182329801e+00
5.698085606188845631e+00
9.280411713937199991e+00
2.315586341297663164e+00
9.522093941329554667e-01
9.801825064705333990e-01
3.295827004167674046e-01
1.128630374703363515e+01
1.092161219523718252e+00
6.321487842863378059e-01
6.586778251661195682e+00
9.270914915354225849e-01
1.140856396579877780e-01
9.747463911403122516e-01
1.710651537205849060e+00
2.754545279194704488e-01
2.236980512515563124e-01
3.616162654278203714e+00
7.978538899485918989e+00
6.005584612234159181e+00
2.958548380969811653e+00
2.228958895804759699e+00
3.197935288993905445e+00
3.013301757492578226e+00
1.004643505034683582e+00
5.924345958990057781e+00
4.831731508787668439e+00
1.022123850042603754e+00
1.293331259478863071e+00
2.725062469134392096e+00
3.625758437328555850e+00
1.377178507766582856e-03
3.888494019495796206e+00
1.590165999409601127e+00
5.691646414262757858e+00
1.737767011352122193e+00
3.082492023499880385e-01
1.061146275918171789e+00
1.356193669209762032e+00
1.330976765375629922e+00
4.924902889959645869e-01
3.687222529210000821e-01
2.295852145386489518e+00
3.172071339895529363e+00
3.169014324030261065e+00
1.797729848267400676e+00
1.838218558780037259e+00
1.321379058590716138e+00
3.500792068533904455e-01
1.196104759940136431e+00
1.142506419814522722e+00
3.734204038417586746e-01
2.966905693249875797e-02
1.583021402235695874e+00
4.473331429944624738e+00
1.081395086838913278e+00
1.281662581291682201e+00
8.987367545078052800e+00
7.276402407366673319e-01
1.121736934726451862e+00
6.086205537039300895e-01
2.412806197932373387e+00
1.422779633216044448e-01
3.139780635259522779e+00
1.715703342478985594e+00
1.298199080606327938e+00
1.470162946999983511e+00
1.673840882496619997e+00
7.678330665149402989e+00
2.998124241787013755e+00
5.232330524104180647e-01
3.207224605008033524e+00
1.093686305994573393e+00
1.742082166053927850e+00
6.262061106624156048e-01
1.063547019940749516e+00
4.498932146646754671e-01
4.218640878064796595e-01
4.554188950811349557e+00
4.163754881758464421e+00
9.508152464224088884e-01
5.335613314910382377e-01
6.296553319923868797e-01
2.284796344048273808e-01
7.226164068620738234e+00
5.200770293159637347e+00
4.154964118991522071e+00
3.179646168905109427e+00
2.138529691943393374e+00
3.991054203286395818e+00
3.800491780096713068e-01
2.445830015660781953e+01
2.751249444512193776e+01
2.535342458511858510e+01
2.391973415990675988e+01
2.292208364391725439e+01
2.557774659418588215e+01
2.731802241829583267e+01
2.761047065912128318e+01
2.649448494028035839e+01
2.787713626632851316e+01
1.638794386841957618e+01
2.212510148479301719e+01
2.322959523791712755e+01
2.338082559700351126e+01
2.247602308842138541e+01
2.807849279996576186e+01
2.696347961520874748e+01
2.545007483115050917e+01
2.314100528865354178e+01
2.724668859860154413e+01
2.462547287446150079e+01
2.593453626314138916e+01
2.583444255645928678e+01
2.741609613793866629e+01
2.469242089415430641e+01
2.085053137038885751e+01
1.986584376623969206e+01
2.421732311250207559e+01
2.706490143309529017e+01
2.114011900425571611e+01
2.732242681705588794e+01
2.788419732566800135e+01
2.746263939982445024e+01
2.475341204109081872e+01
2.423266183833437637e+01
2.377752807256781864e+01
2.934675449378586976e+01
2.853665594323844346e+01
2.500243574997913498e+01
2.490754424824114110e+01
2.822867348884487981e+01
2.422668338276901778e+01
2.569051556575919903e+01
2.532224080551025480e+01
2.276501427844959480e+01
2.681876229341808227e+01
2.524803617999613792e+01
2.451128452586634410e+01
2.505369480032979013e+01
3.090950243837582434e+01
2.720494836088462876e+01
2.128304888523809169e+01
2.205850842567498304e+01
2.913932129566007490e+01
2.455323861647723049e+01
2.510682183996990702e+01
2.373542123078206245e+01
2.217480154492882249e+01
2.542033462057624149e+01
2.366485581979670272e+01
2.723177245790155965e+01
2.471033082959378646e+01
2.956834949547873492e+01
2.564258874102289454e+01
2.398945132766511890e+01
2.352574973429962313e+01
1.715919193625817840e+01
2.253084738241265228e+01
2.248926918361976846e+01
2.322479534333395534e+01
3.005921151077865261e+01
3.153494638013610540e+01
2.077307891640027293e+01
2.925785652324603703e+01
2.788427125256369266e+01
2.807055451113930289e+01
2.514869805070972220e+01
2.392054442245384749e+01
2.274373096577388154e+01
2.358304155476774611e+01
2.577730599881946816e+01
2.433130690203016400e+01
2.444916259618877774e+01
2.858397328624663558e+01
2.265556555764980118e+01
2.245623838113048976e+01
2.615551343761004688e+01
2.861858791230332244e+01
2.785683729381723595e+01
2.644208152868100470e+01
2.498799288265286833e+01
2.693731841697029239e+01
2.500772983507977187e+01
2.201122461486462001e+01
1.843467361236795909e+01
2.126475906656737536e+01
2.945218496620530502e+01
2.223727196195289935e+01
1.752670200835337511e+01
2.697402180101217439e+01
5.521450611663860286e+01
5.562850102418797960e+00
1.096610443762179443e+01
5.880732628681559504e+01
3.456065654787416008e+01
4.512056513093228460e+01
1.754036390654280808e+01
7.132522358335235424e+01
4.477644423889304903e+01
1.337956566657979067e+02
3.726468807364540936e+01
5.463608351551812348e+00
3.023425126696524856e+01
7.435781114113487078e+00
1.266137568611640063e+02
3.843809033137151943e+01
4.245820086008701111e+01
7.940120274752166551e+01
1.591127320179045412e+01
1.354122373083464304e+01
9.568792252553394917e+01
1.929975754873365146e+00
2.036234703803183166e+01
1.397568846529526887e+01
6.071633753075638396e+01
